alpha,Cd,Cl
-14.7417776779509,0.0754115529884303,-1.11043561304757
-14.4613729654782,0.0656844182920705,-1.0907030267883
-14.2307743549132,0.0682848174165014,-1.08826629178663
-13.9469319428848,0.0543695848797561,-1.27533130889299
-13.7655692416659,0.0468063425231688,-1.25840395176886
-13.4922031384455,0.0441124975254133,-1.16066735932016
-13.2653339524593,0.0434666640467135,-1.22774727401577
-13.0418088637408,0.0382318593899532,-1.27502709582781
-12.7729102880944,0.0378767406986277,-1.14231069279672
-12.4903981872374,0.0349114403079319,-1.20683875815194
-12.2732032154089,0.0389892420276087,-1.15737858698282
-12.0459166248193,0.0439939195108078,-1.08979340262511
-11.7329693627816,0.0446965066138223,-1.11726328320722
-11.523570944181,0.0270844831853721,-1.14497873053403
-11.2644150621164,0.0355022851702856,-1.08157748273764
-10.9868044970379,0.0284694695104705,-1.07205940817275
-10.7597744551507,0.0272269306718277,-1.06217287128147
-10.4884916799389,0.023485827709283,-1.06385561128803
-10.2571578958966,0.0306553448729509,-1.07301218688198
-10.022831838797,0.0258769737706477,-1.08475423531475
-9.73069131515671,0.0249095729306927,-1.00481400351452
-9.46981556725149,0.0194565920270668,-1.04739599018599
-9.2297538968685,0.0228803032177292,-0.971658523114223
-8.99111051185306,0.0193388519134076,-0.91238555223187
-8.75546126151954,0.0134926319243512,-1.06594955084932
-8.50578491154615,0.0235824577076319,-0.870445348043166
-8.26511807978242,0.0275913473600738,-0.90846730310985
-7.98302594214245,0.0184582953093846,-0.894342148380436
-7.74697035538317,0.0357850115686628,-0.814916379566882
-7.5141154148311,0.0252997099761985,-0.874320584383055
-7.27917608170295,0.0254174225192424,-0.827530847773674
-7.01087723450562,0.0222720519089981,-0.721731398393936
-6.78375313195217,0.025610253665645,-0.763918126743056
-6.49853613198443,0.0232020492225138,-0.767512925219452
-6.25544085588371,0.0239166602160532,-0.741360660999316
-6.00717002563642,0.0211765464211793,-0.74710014579482
-5.76518619011579,0.0235864268003091,-0.662681599276776
-5.49822852287384,0.0225246278057912,-0.59682184153588
-5.24576327375038,0.0101951915102884,-0.57181655061838
-4.98431919306392,0.0246491506486464,-0.588958217952373
-4.76204246377722,0.00529896936482853,-0.665432085865495
-4.47798394812695,0.0105117733263025,-0.611242856781264
-4.27830598765046,0.0212892539544749,-0.542273356147884
-4.03008624454338,0.0230769704872609,-0.484889747211559
-3.75900005719792,0.0174997708051891,-0.586478523767269
-3.51060133994574,0.0191975479019909,-0.490591866716329
-3.2676269531773,0.019625304863608,-0.394214637107743
-3.03902475731253,0.0123496454340139,-0.329524837828377
-2.73009411655365,0.0128640471811779,-0.409309965030679
-2.50668567278985,0.00556086276744928,-0.348857235581005
-2.29939228907277,0.0168629782502557,-0.373413356340902
-2.01747428620929,0.00725175108923664,-0.315814386504176
-1.73148554160366,0.0072877397228344,-0.217396424697911
-1.49702401829279,0.0169916749424205,-0.189646254210102
-1.25084292426346,0.00980304324339591,-0.158489288186604
-1.01362332313106,0.00964563980774327,-0.125350016417504
-0.781704308080025,0.00895846441300382,-0.0946513674693177
-0.517233885825618,0.0175555407564092,-0.0405751720328904
-0.282437991485919,0.0125673399333078,0.00718171065817323
-0.000689840288797498,0.00971428677081524,0.0148038694936645
0.232342204503879,0.00460784497249492,0.0426884827970777
0.486190638759157,0.0115732703851737,0.0209300040578056
0.746644893188839,0.00630522489227553,0.0746497908458332
0.986237406865972,0.0117582233868125,0.0678836984229212
1.20983845660388,0.013044505269647,0.180102226998693
1.48910225764026,0.0112827753754444,0.0633691518748938
1.72852590230403,0.0132262939678819,0.238517154023065
1.9646352158106,0.00642465194995979,0.269822868357926
2.25926902352953,0.00818665729087816,0.320902145523581
2.48273137497146,0.0148225165252156,0.25460099347234
2.76397640603109,0.0206012790768462,0.379867856825243
2.99128526150585,0.0199788613085803,0.426382443769543
3.24447980931694,0.00428051203370785,0.468306429190826
3.50097860447837,0.0134194627956116,0.459174882370986
3.73842004934405,0.00942291755325668,0.486279354363437
3.99096119855461,0.0150064718730175,0.498404069044841
4.25878550217066,0.0166255165478877,0.581060556396903
4.52666031856532,0.0128907044457515,0.555084341323101
4.74046383817873,0.0200133711523541,0.663231485923051
4.9885387413812,0.014237921825466,0.550393661872177
5.25534909194281,0.0220742018337654,0.67606872279452
5.52741024951057,0.0191320236860266,0.60855072874948
5.76610353711571,0.0107578170856588,0.662405392540916
5.98713040258683,0.0167083270613783,0.693160662536695
6.24296865299918,0.0131907745068351,0.69545460875256
6.48016128484022,0.0192378417454036,0.723706826079836
6.76020265217979,0.0163872045978798,0.750574064996207
6.98257563706597,0.0169145874959505,0.785040856983855
7.24293804665926,0.0225775454309739,0.813265238134233
7.48891716939241,0.0155020545188381,0.796175565519071
7.79354513289304,0.0216431747628825,0.894479722166716
8.00574322589615,0.012456117725918,0.914606871016948
8.27792498894227,0.0222472530381271,0.836601137284216
8.49034376397513,0.0164725952833932,0.902052591741318
8.77804120026062,0.0275834976163919,0.944867374610315
9.00191809290154,0.0244487716158185,0.917759400137767
9.25594879104206,0.0278728495889828,0.918894675541765
9.4903934747692,0.0282294163725333,1.01274051625813
9.75249977952567,0.0331045167326918,1.05934061073092
10.0177363899136,0.0232535850083481,1.1183274905254
10.2545153390828,0.0308800462679856,1.10000998491442
10.4875553610161,0.031422015329819,1.09206172105672
10.7335666902943,0.030189909811626,1.12657509134056
11.001043706044,0.0284947010477764,1.14208065777635
11.2593753013975,0.0329593082823659,1.08968685521118
11.4937587470837,0.034466744220487,1.21319209816313
11.7659524884088,0.0331791915857033,1.10850713291402
12.0166646415379,0.0394343693066712,1.1799857093956
12.248319795288,0.0401529175488825,1.16367106720217
12.4918114842724,0.0428723835915303,1.09381732998801
12.7480315327729,0.0325095856237122,1.10803248831382
13.0143076504293,0.0460006475878712,1.1703246108781
13.2675895696946,0.0445380703811275,1.18184480729106
13.4978933424893,0.0542824126492596,1.19812020924849
13.6989054720385,0.0429160581111173,1.23857241072313
14.0262865531976,0.0503952723844854,1.21043114597731
14.2804433918265,0.0503668868860682,1.19957881059593
14.5247447744385,0.0596586342961887,0.99332873096231
14.7333533950517,0.0814205462151167,1.11369468315712
